0 / 1366027525 1366027525 1366027525 0 511 0 0
0 /0 1366027525 1366027525 1366027525 0 511 0 0
0 /1 1366027525 1366027525 1366027525 0 511 0 0
0 /2 1366027525 1366027525 1366027525 0 511 0 0
0 /3 1366027525 1366027525 1366027525 0 511 0 0
0 /4 1366027525 1366027525 1366027525 0 511 0 0
0 /5 1366027525 1366027525 1366027525 0 511 0 0
0 /6 1366027525 1366027525 1366027525 0 511 0 0
0 /7 1366027525 1366027525 1366027525 0 511 0 0
0 /8 1366027525 1366027525 1366027525 0 511 0 0
0 /9 1366027525 1366027525 1366027525 0 511 0 0
1 /9/20 1366027525 1366027525 1366027525 0 511 0 0 10 30 31 32 33 34 35 36 37 38 39
1 /9/21 1366027525 1366027525 1366027525 0 511 0 0 0
1 /9/22 1366027525 1366027525 1366027525 0 511 0 0 0
1 /9/23 1366027525 1366027525 1366027525 0 511 0 0 0
1 /9/24 1366027525 1366027525 1366027525 0 511 0 0 0
1 /9/25 1366027525 1366027525 1366027525 0 511 0 0 0
1 /9/26 1366027525 1366027525 1366027525 0 511 0 0 0
1 /9/27 1366027525 1366027525 1366027525 0 511 0 0 0
1 /9/28 1366027525 1366027525 1366027525 0 511 0 0 0
1 /9/29 1366027525 1366027525 1366027525 0 511 0 0 0
